{
    "ticket1" : [
        [68, 18, 5, 7, 87],
        [32, 37, 59, 19, 75],
        [27, 6, 41, 42, 14],
        [61, 20, 3, 45, 76],
        [60, 13, 50, 31, 2],
        [11, 72, 22, 64, 39],
        [4, 17, 52, 90, 53],
        [49, 25, 71, 82, 85],
        [58, 16, 84, 46, 29],
        [12, 77, 55, 21, 38],
        [63, 30, 65, 47, 81],
        [43, 15, 33, 66, 23],
        [57, 80, 10, 56, 48],
        [70, 24, 36, 44, 28],
        [74, 51, 9, 35, 78],
        [1, 69, 62, 89, 34],
        [64, 88, 79, 54, 40],
        [8, 26, 73, 83, 86]
      ],
    "ticket2" : [
        [87, 7, 5, 9, 18],
        [19, 32, 10, 75, 52],
        [88, 14, 41, 27, 6],
        [61, 45, 20, 76, 3],
        [31, 83, 2, 13, 50],
        [11, 72, 22, 39, 64],
        [4, 17, 90, 53, 59],
        [49, 23, 36, 71, 85],
        [29, 58, 16, 84, 46],
        [12, 77, 55, 21, 38],
        [81, 47, 65, 63, 30],
        [25, 33, 43, 15, 66],
        [37, 80, 56, 48, 57],
        [70, 82, 24, 44, 28],
        [74, 35, 78, 68, 51],
        [34, 1, 62, 89, 69],
        [67, 42, 40, 54, 79],
        [73, 26, 60, 8, 86]
      ],
    "ticket3" : [
        [5, 7, 87, 18, 9],
        [19, 52, 75, 32, 10],
        [27, 14, 6, 88, 41],
        [45, 76, 20, 3, 61],
        [13, 83, 2, 50, 31],
        [22, 72, 11, 64, 39],
        [90, 53, 4, 59, 17],
        [71, 23, 36, 49, 85],
        [46, 84, 29, 58, 16],
        [55, 12, 77, 21, 38],
        [81, 30, 63, 65, 47],
        [25, 33, 43, 66, 15],
        [37, 80, 56, 48, 57],
        [82, 70, 24, 44, 28],
        [78, 51, 35, 68, 74],
        [62, 1, 34, 89, 69],
        [67, 79, 42, 54, 40],
        [60, 8, 26, 73, 86]
      ],
    "ticket4" : [
        [87, 18, 9, 5, 7],
        [10, 19, 32, 52, 75],
        [6, 14, 27, 41, 88],
        [3, 20, 61, 76, 45],
        [2, 83, 50, 13, 31],
        [22, 39, 72, 64, 11],
        [59, 4, 53, 90, 17],
        [85, 49, 36, 71, 23],
        [16, 84, 29, 58, 46],
        [55, 12, 77, 38, 21],
        [65, 47, 30, 81, 63],
        [66, 15, 25, 33, 43],
        [37, 80, 56, 48, 57],
        [82, 70, 24, 44, 28],
        [74, 35, 78, 68, 51],
        [62, 1, 69, 89, 34],
        [79, 67, 42, 40, 54],
        [60, 73, 8, 26, 86]
      ],
    "ticket5" : [
        [7, 87, 5, 9, 18],
        [75, 32, 19, 10, 52],
        [14, 27, 88, 6, 41],
        [76, 3, 61, 45, 20],
        [13, 31, 83, 2, 50],
        [22, 72, 64, 11, 39],
        [53, 59, 90, 17, 4],
        [49, 85, 71, 23, 36],
        [29, 58, 84, 46, 16],
        [12, 55, 77, 21, 38],
        [30, 65, 47, 81, 63],
        [33, 25, 43, 15, 66],
        [80, 37, 56, 57, 48],
        [24, 70, 82, 28, 44],
        [51, 35, 74, 78, 68],
        [69, 34, 1, 62, 89],
        [67, 79, 54, 40, 42],
        [26, 8, 73, 86, 60]
      ],
    "ticket6" : [
        [87, 5, 9, 18, 7],
        [32, 75, 10, 52, 19],
        [6, 88, 14, 27, 41],
        [20, 3, 61, 76, 45],
        [83, 2, 31, 50, 13],
        [11, 72, 39, 22, 64],
        [4, 59, 90, 53, 17],
        [71, 36, 23, 49, 85],
        [58, 29, 84, 16, 46],
        [21, 12, 38, 55, 77],
        [47, 63, 81, 65, 30],
        [43, 15, 66, 25, 33],
        [56, 37, 57, 48, 80],
        [44, 82, 70, 28, 24],
        [35, 78, 51, 74, 68],
        [34, 62, 89, 1, 69],
        [42, 40, 54, 67, 79],
        [73, 26, 86, 60, 8]
      ],
    "ticket7" : [
        [9, 7, 5, 18, 87],
        [52, 10, 75, 19, 32],
        [14, 27, 6, 41, 88],
        [61, 20, 3, 76, 45],
        [83, 50, 2, 13, 31],
        [11, 39, 22, 64, 72],
        [59, 90, 4, 53, 17],
        [71, 23, 36, 49, 85],
        [16, 84, 46, 29, 58],
        [55, 12, 77, 38, 21],
        [65, 81, 47, 30, 63],
        [33, 25, 43, 15, 66],
        [56, 37, 48, 57, 80],
        [82, 70, 44, 24, 28],
        [78, 51, 35, 74, 68],
        [62, 34, 1, 89, 69],
        [42, 54, 79, 40, 67],
        [8, 73, 26, 60, 86]
      ],
      "ticket8" : [
        [9, 7, 5, 18, 87],
        [52, 10, 75, 19, 32],
        [14, 27, 6, 41, 88],
        [61, 20, 3, 76, 45],
        [83, 50, 2, 13, 31],
        [11, 39, 22, 64, 72],
        [59, 90, 4, 53, 17],
        [71, 23, 36, 49, 85],
        [16, 84, 46, 29, 58],
        [55, 12, 77, 38, 21],
        [65, 81, 47, 30, 63],
        [33, 25, 43, 15, 66],
        [56, 37, 48, 57, 80],
        [82, 70, 44, 24, 28],
        [78, 51, 35, 74, 68],
        [62, 34, 1, 89, 69],
        [42, 54, 79, 40, 67],
        [8, 73, 26, 60, 86]
      ],
      "ticket9" : [
        [9, 7, 5, 18, 87],
        [52, 10, 75, 19, 32],
        [14, 27, 6, 41, 88],
        [61, 20, 3, 76, 45],
        [83, 50, 2, 13, 31],
        [11, 39, 22, 64, 72],
        [59, 90, 4, 53, 17],
        [71, 23, 36, 49, 85],
        [16, 84, 46, 29, 58],
        [55, 12, 77, 38, 21],
        [65, 81, 47, 30, 63],
        [33, 25, 43, 15, 66],
        [56, 37, 48, 57, 80],
        [82, 70, 44, 24, 28],
        [78, 51, 35, 74, 68],
        [62, 34, 1, 89, 69],
        [42, 54, 79, 40, 67],
        [8, 73, 26, 60, 86]
      ],
    "ticket10" : [
        [18, 87, 7, 5, 9],
        [19, 32, 52, 75, 10],
        [88, 14, 41, 27, 6],
        [45, 76, 20, 3, 61],
        [13, 83, 50, 31, 2],
        [72, 22, 11, 64, 39],
        [90, 59, 17, 53, 4],
        [36, 71, 23, 49, 85],
        [16, 84, 46, 58, 29],
        [77, 12, 55, 21, 38],
        [63, 81, 47, 65, 30],
        [33, 25, 43, 15, 66],
        [56, 37, 48, 57, 80],
        [82, 44, 24, 70, 28],
        [78, 51, 35, 74, 68],
        [1, 69, 62, 89, 34],
        [42, 79, 67, 54, 40],
        [73, 26, 86, 60, 8]
      ],
    "ticket11" : [
        [87, 7, 9, 18, 5],
        [32, 10, 19, 75, 52],
        [6, 27, 88, 41, 14],
        [20, 61, 45, 76, 3],
        [2, 13, 50, 31, 83],
        [11, 22, 39, 72, 64],
        [90, 53, 17, 4, 59],
        [36, 71, 49, 85, 23],
        [16, 84, 46, 29, 58],
        [12, 38, 21, 55, 77],
        [81, 30, 47, 63, 65],
        [33, 43, 66, 25, 15],
        [56, 37, 48, 57, 80],
        [70, 82, 28, 24, 44],
        [35, 51, 78, 74, 68],
        [1, 69, 62, 34, 89],
        [42, 40, 54, 67, 79],
        [73, 26, 60, 8, 86]
      ],
    "ticket12" : [
        [87, 5, 9, 18, 7],
        [32, 75, 10, 19, 52],
        [6, 88, 14, 27, 41],
        [20, 3, 61, 76, 45],
        [83, 2, 31, 50, 13],
        [11, 72, 39, 22, 64],
        [4, 59, 90, 53, 17],
        [71, 36, 23, 49, 85],
        [58, 29, 84, 16, 46],
        [21, 12, 38, 55, 77],
        [47, 63, 81, 65, 30],
        [33, 25, 66, 15, 43],
        [56, 37, 48, 57, 80],
        [44, 82, 70, 28, 24],
        [35, 78, 51, 74, 68],
        [34, 62, 89, 1, 69],
        [42, 40, 54, 67, 79],
        [73, 26, 86, 60, 8]
      ]
}